../../.git/annex/objects/01/Jj/MD5E-s386812--bb302e0ac5aa170f75d36d593fe4a0fb.csv/MD5E-s386812--bb302e0ac5aa170f75d36d593fe4a0fb.csv