../../.git/annex/objects/zP/5x/MD5E-s7464--2622af7f231ffdf7c98dedfab82d51ca.csv/MD5E-s7464--2622af7f231ffdf7c98dedfab82d51ca.csv